50 seeds used in Initial experiments:
1951443831 1330293533 1737574977 1072791166 828027487 52376493 1374988610 948986599
639236411 70827296 871918756 1758664879 806347370 311695410 1763319666 181975718
1992026122 885507722 2029750152 375244358 864315299 1492734023 246687507 2060781184
345569005 474481538 1533740218 778724850 19414547 194880430 1468240845 2018155144
308375470 993754818 1828158176 822464679 125448415 1188792056 1897928974 291885188
569562983 280195408 1186010197 201661298 1026484438 380915229 1902128824 1377855140
1542012111 2074680271


200 seeds used in Exploratory simulation study:
326921632 623723657 1407676548 878620975 483851318 392498993 1405278792 355916593
1883592098 1336706483 1616729285 1531137433 2070281836 749943312 759449848 602374579
291420708 1544898166 1486247626 1081902619 309850220 2062151152 1265081566 320044293
1405871772 329269124 1814771677 1874386093 2051709693 1063864137 1897535952 460700711
794032059 1821743588 194216707 817461779 1193479238 606194168 1121309994 292222225
611101537 1349237945 3719233 1032031778 1178952880 1114281620 557447299 1559784700
914912911 2095408298 2045082918 35964907 474526394 980683520 1758794141 239236018
811938784 1384086644 1138451344 521842879 665962177 1326001265 1511586154 1759339201
1750071059 1653495974 1660010004 145763826 2026090178 1050814069 1514370547 1774832300
1878465704 410766498 355706222 1674834085 1936609691 2023059346 1815596313 1746502018
1307380313 1207150417 138139328 483669222 1784514525 1475847637 596989504 19071029
1152164066 1644717614 1245723222 477898966 1924912349 789245180 1903887968 603083720
1689861876 971745517 591539727 1385019188 1096885398 1259639083 811195691 1863194674
1432985281 1782215829 799014321 1536929968 1107800278 375874854 926914486 1149093146
884371587 2141964281 1608805911 1003532631 867774971 2113773785 520722398 75367078
1874965657 1315182518 461228105 839530299 565056552 1931575657 718982362 1560520063
132660196 374923356 1150652956 373325087 477631591 654433508 1094129884 488976872
286277090 9612985 1245172058 172398311 1121045066 1270350934 407107667 1414865843
184097191 448787238 1884607327 528607077 1076493372 1006704573 695085113 774317688
1064180461 886068796 1535104429 1188711836 1360680222 647535079 1621583631 1037078331
380706836 1193573024 328869376 373694443 873507718 579903550 689319397 780206953
1714692721 1264652850 438722136 1184635409 593129704 1832405551 699155068 1304950618
1493543811 382024177 198834988 1695729088 1930260469 1691075767 1157137704 1835882632
1968098026 1816408764 871651247 1767395779 572345558 1312601687 1927572155 1808165490
1858464383 33163188 1339743138 900286702 2037917537 1326739619 550503672 1794113372
